0  0 1
1  0 2
2  0 3
3  0 4
4  0 5
5  0 6
6  0 7
7  0 8
8  0 9
9  0 10
10  0 11
11  0 12
12  1 1
13  1 2
14  1 3
15  1 4
16  1 5
17  1 6
18  1 7
19  1 8
20  1 9
21  1 10
22  1 11
23  2 1
24  2 2
25  2 3
26  2 4
27  2 5
28  2 6
29  2 7
30  2 8
31  2 9
32  2 10
33  3 1
34  3 2
35  3 3
36  3 4
37  3 5
38  3 6
39  3 7
40  3 8
41  3 9
42  4 1
43  4 2
44  4 3
45  4 4
46  4 5
47  4 6
48  4 7
49  4 8
50  5 1
51  5 2
52  5 3
53  5 4
54  5 5
55  5 6
56  5 7
57  6 1
58  6 2
59  6 3
60  6 4
61  6 5
62  6 6
63  7 1
64  7 2
65  7 3
66  7 4
67  7 5
68  8 1
69  8 2
70  8 3
71  8 4
72  9 1
73  9 2
74  9 3
75  10 1
76  10 2
77  11 1